1209
1085
1062
1012
1093
1137
1066
1016
1016
1130
1069
1026
1015
1195
1012
1034
1004
1093
1110
1120
1037
1161
1106
1175
1185
1168
1140
1040
1021
1101
1095
1109
1034
1132
1034
1191
1027
1058
1223
1012
1127
1017
1102
1030
1057
1007
1099
1039
1095
1051
1054
1049
1130
1178
1059
1033
1114
1075
1077
1121
1096
1033
1077
1030
1022
1021
1026
1044
1069
1024
1167
1114
1014
1019
1037
1060
1065
1050
1084
1088
1026
1045
1177
1119
1091
1053
1078
1078
1087
1031
1298
1166
1307
1112
1048
1128
1123
1065
1182
1023
