2036
2052
2018
2050
2032
2000
2046
2048
2030
2056
2076
2014
2042
2086
2016
2002
2004
2006
2008
2064
2028
2006
2020
2036
2066
2042
2032
2036
2016
2060
2036
2024
2030
2056
2054
2032
2020
2064
2086
2014
2078
2056
2016
2018
2004
2006
2030
2066
2048
2042
2032
2052
2060
2020
2034
2090
2022
2042
2040
2056
2028
2006
2004
2094
2020
2060
2002
2010
2006
2080
2018
2062
2014
2034
2000
2018
2026
2028
2030
2076
2016
2014
2012
2030
2002
2056
2024
2024
2058
2038
2052
2034
2064
2008
2040
2022
2050
2052
2050
2000
